,ac_voltage,agitator,compressor,discharge_pump,milk_temp,pump_current,tank_switch,timestamp,tss_temp,tss
0,230,0,0.0,0,5.7,0.0,1,2019-09-21 00:00:02,-5.0,2
1,228,1,0.0,0,5.3,0.0,1,2019-09-21 00:02:02,-5.2,2
2,229,0,0.0,0,5.2,0.0,1,2019-09-21 00:04:02,-5.2,2
3,229,0,0.0,0,5.5,0.0,1,2019-09-21 00:06:02,-5.0,2
4,229,0,0.0,0,5.7,0.0,1,2019-09-21 00:08:02,-5.2,2
5,229,0,0.0,0,5.8,0.0,1,2019-09-21 00:10:02,-5.1,2
6,229,0,0.0,0,5.8,0.0,1,2019-09-21 00:12:02,-5.0,2
7,229,0,0.0,0,5.8,0.0,1,2019-09-21 00:14:02,-5.0,2
8,230,1,0.0,0,5.8,0.0,1,2019-09-21 00:16:02,-5.0,2
9,229,1,0.0,0,5.3,0.0,1,2019-09-21 00:18:02,-5.0,2
10,229,0,0.0,0,5.4,0.0,1,2019-09-21 00:20:02,-5.0,2
11,230,0,0.0,0,5.7,0.0,1,2019-09-21 00:22:02,-5.1,2
12,228,0,0.0,0,5.9,0.0,1,2019-09-21 00:24:02,-5.2,2
13,231,0,0.0,0,5.9,0.0,1,2019-09-21 00:26:02,-5.2,2
14,232,0,0.0,0,5.9,0.0,1,2019-09-21 00:28:02,-5.0,2
15,230,1,0.0,0,5.5,0.0,1,2019-09-21 00:30:02,-5.2,2
16,230,0,0.0,0,5.4,0.0,1,2019-09-21 00:32:02,-5.1,2
17,231,1,0.0,0,5.7,0.0,1,2019-09-21 00:34:02,-4.9,2
18,230,0,0.0,0,5.4,0.0,1,2019-09-21 00:36:02,-5.2,2
19,230,0,0.0,0,5.7,0.0,1,2019-09-21 00:38:02,-5.2,2
20,230,1,0.0,0,5.9,0.0,1,2019-09-21 00:40:02,-5.0,2
21,230,0,0.0,0,5.6,0.0,1,2019-09-21 00:42:02,-4.9,2
22,231,0,0.0,0,5.7,0.0,1,2019-09-21 00:44:02,-5.1,2
23,230,1,0.0,0,5.9,0.0,1,2019-09-21 00:46:02,-5.2,2
24,232,0,0.0,0,5.5,0.0,1,2019-09-21 00:48:02,-5.0,2
25,232,0,0.0,0,5.8,0.0,1,2019-09-21 00:50:02,-5.0,2
26,230,1,0.0,1,6.0,0.0,1,2019-09-21 00:52:02,-4.9,2
27,227,1,10.1,1,5.1,0.1,1,2019-09-21 00:54:03,-4.2,2
28,226,1,10.2,1,4.6,0.1,1,2019-09-21 00:56:03,-5.2,2
29,225,1,10.3,1,4.1,0.2,1,2019-09-21 00:58:03,-5.1,2
30,228,1,10.2,0,3.8,0.1,1,2019-09-21 01:00:03,-4.8,2
31,228,0,10.2,0,3.9,0.1,1,2019-09-21 01:02:03,-4.6,2
32,228,1,10.2,0,3.7,0.1,1,2019-09-21 01:04:03,-4.7,2
33,228,0,10.2,0,3.7,0.1,1,2019-09-21 01:06:03,-4.8,2
34,227,0,10.2,0,4.2,0.2,1,2019-09-21 01:08:03,-4.7,2
35,229,0,10.2,0,4.5,0.1,1,2019-09-21 01:10:03,-4.8,2
36,228,0,10.2,0,4.5,0.1,1,2019-09-21 01:12:03,-5.0,2
37,229,0,10.2,0,4.5,0.2,1,2019-09-21 01:14:03,-5.3,2
38,228,0,10.2,0,4.6,0.2,1,2019-09-21 01:16:03,-5.2,2
39,227,1,10.2,0,4.3,0.2,1,2019-09-21 01:18:03,-5.5,2
40,229,0,10.2,0,4.0,0.2,1,2019-09-21 01:20:03,-5.4,2
41,228,0,10.2,0,4.1,0.2,1,2019-09-21 01:22:03,-5.6,2
42,227,0,10.1,0,4.5,0.2,1,2019-09-21 01:24:03,-5.7,2
43,228,0,10.3,0,4.5,0.2,1,2019-09-21 01:26:03,-5.9,2
44,228,0,10.3,0,4.6,0.2,1,2019-09-21 01:28:03,-5.6,2
45,234,0,0.0,0,4.7,0.0,1,2019-09-21 01:30:03,-5.7,2
46,233,0,0.0,0,4.6,0.0,1,2019-09-21 01:32:03,-5.9,2
47,233,1,0.0,0,4.0,0.0,1,2019-09-21 01:34:03,-5.7,2
48,232,0,0.0,0,4.1,0.0,1,2019-09-21 01:36:03,-5.9,2
49,233,0,0.0,0,4.4,0.0,1,2019-09-21 01:38:03,-5.7,2
50,233,0,0.0,0,4.6,0.0,1,2019-09-21 01:40:03,-5.8,2
51,232,0,0.0,0,4.7,0.0,1,2019-09-21 01:42:03,-5.5,2
52,233,0,0.0,0,4.7,0.0,1,2019-09-21 01:44:03,-5.6,2
53,233,0,0.0,0,4.7,0.0,1,2019-09-21 01:46:03,-5.7,2
54,233,1,0.0,0,4.7,0.0,1,2019-09-21 01:48:03,-5.6,2
55,233,0,0.0,0,4.2,0.0,1,2019-09-21 01:50:03,-5.5,2
56,232,0,0.0,0,4.4,0.0,1,2019-09-21 01:52:03,-5.6,2
57,233,0,0.0,0,4.6,0.0,1,2019-09-21 01:54:03,-5.6,2
58,233,0,0.0,0,4.7,0.0,1,2019-09-21 01:56:03,-5.5,2
59,232,0,0.0,0,4.8,0.0,1,2019-09-21 01:58:03,-5.4,2
60,233,0,0.0,0,4.7,0.0,1,2019-09-21 02:00:03,-5.6,2
61,234,0,0.0,0,4.8,0.0,1,2019-09-21 02:02:03,-5.6,2
62,232,1,0.0,0,4.2,0.0,1,2019-09-21 02:04:03,-5.6,2
63,232,0,0.0,0,4.4,0.0,1,2019-09-21 02:06:03,-5.4,2
64,233,0,0.0,0,4.6,0.0,1,2019-09-21 02:08:03,-5.6,2
65,234,0,0.0,0,4.8,0.0,1,2019-09-21 02:10:03,-5.5,2
66,232,0,0.0,0,4.9,0.0,1,2019-09-21 02:12:03,-5.4,2
67,233,0,0.0,0,4.9,0.0,1,2019-09-21 02:14:03,-5.3,2
68,233,0,0.0,0,4.8,0.0,1,2019-09-21 02:16:03,-5.6,2
69,233,1,0.0,0,4.8,0.0,1,2019-09-21 02:18:03,-5.4,2
70,234,0,0.0,0,4.4,0.0,1,2019-09-21 02:20:03,-5.5,2
71,233,0,0.0,0,4.5,0.0,1,2019-09-21 02:22:03,-5.6,2
72,234,0,0.0,0,4.8,0.0,1,2019-09-21 02:24:03,-5.5,2
73,234,0,0.0,0,4.9,0.0,1,2019-09-21 02:26:03,-5.4,2
74,233,0,0.0,0,5.0,0.0,1,2019-09-21 02:28:03,-5.5,2
75,233,0,0.0,0,5.0,0.0,1,2019-09-21 02:30:03,-5.5,2
76,233,0,0.0,0,5.0,0.0,1,2019-09-21 02:32:03,-5.6,2
77,233,1,0.0,0,4.5,0.0,1,2019-09-21 02:34:03,-5.5,2
78,234,0,0.0,0,4.5,0.0,1,2019-09-21 02:36:03,-5.4,2
79,233,0,0.0,0,4.8,0.0,1,2019-09-21 02:38:03,-5.5,2
80,234,0,0.0,0,5.0,0.0,1,2019-09-21 02:40:03,-5.6,2
81,234,0,0.0,0,5.0,0.0,1,2019-09-21 02:42:03,-5.5,2
82,234,0,0.0,0,5.1,0.0,1,2019-09-21 02:44:03,-5.3,2
83,234,0,0.0,0,5.2,0.0,1,2019-09-21 02:46:03,-5.3,2
84,233,1,0.0,0,5.1,0.0,1,2019-09-21 02:48:03,-5.4,2
85,233,0,0.0,0,4.6,0.0,1,2019-09-21 02:50:03,-5.3,2
86,233,0,0.0,0,4.8,0.0,1,2019-09-21 02:52:03,-5.3,2
87,233,0,0.0,0,5.1,0.0,1,2019-09-21 02:54:03,-5.3,2
88,233,0,0.0,0,5.1,0.0,1,2019-09-21 02:56:03,-5.6,2
89,234,0,0.0,0,5.2,0.0,1,2019-09-21 02:58:03,-5.3,2
90,234,0,0.0,0,5.3,0.0,1,2019-09-21 03:00:03,-5.3,2
91,233,0,0.0,0,5.2,0.0,1,2019-09-21 03:02:03,-5.4,2
92,233,1,0.0,0,4.8,0.0,1,2019-09-21 03:04:03,-5.6,2
93,234,0,0.0,0,4.8,0.0,1,2019-09-21 03:06:03,-5.3,2
94,233,0,0.0,0,5.1,0.0,1,2019-09-21 03:08:03,-5.6,2
95,233,0,0.0,0,5.3,0.0,1,2019-09-21 03:10:03,-5.3,2
96,232,0,0.0,0,5.4,0.0,1,2019-09-21 03:12:01,-5.3,2
97,234,0,0.0,0,5.3,0.0,1,2019-09-21 03:14:02,-5.6,2
98,235,0,0.0,0,5.3,0.0,1,2019-09-21 03:16:02,-5.5,2
99,234,1,0.0,0,5.3,0.0,1,2019-09-21 03:18:02,-5.3,2
100,234,0,0.0,0,4.9,0.0,1,2019-09-21 03:20:02,-5.6,2
101,234,0,0.0,0,5.1,0.0,1,2019-09-21 03:22:02,-5.4,2
102,233,0,0.0,0,5.4,0.0,1,2019-09-21 03:24:02,-5.3,2
103,234,0,0.0,0,5.5,0.0,1,2019-09-21 03:26:02,-5.3,2
104,235,0,0.0,0,5.4,0.0,1,2019-09-21 03:28:02,-5.5,2
105,234,0,0.0,0,5.5,0.0,1,2019-09-21 03:30:02,-5.4,2
106,234,0,0.0,0,5.6,0.0,1,2019-09-21 03:32:02,-5.4,2
107,233,1,0.0,0,5.1,0.0,1,2019-09-21 03:34:02,-5.5,2
108,234,0,0.0,0,5.0,0.0,1,2019-09-21 03:36:02,-5.4,2
109,233,0,0.0,0,5.4,0.0,1,2019-09-21 03:38:02,-5.6,2
110,233,0,0.0,0,5.5,0.0,1,2019-09-21 03:40:02,-5.5,2
111,235,0,0.0,0,5.6,0.0,1,2019-09-21 03:42:02,-5.3,2
112,234,0,0.0,0,5.7,0.0,1,2019-09-21 03:44:02,-5.3,2
113,233,0,0.0,0,5.6,0.0,1,2019-09-21 03:46:02,-5.4,2
114,233,1,0.0,0,5.6,0.0,1,2019-09-21 03:48:02,-5.3,2
115,234,0,0.0,0,5.2,0.0,1,2019-09-21 03:50:02,-5.5,2
116,234,0,0.0,0,5.3,0.0,1,2019-09-21 03:52:02,-5.5,2
117,234,0,0.0,0,5.6,0.0,1,2019-09-21 03:54:02,-5.3,2
118,235,0,0.0,0,5.7,0.0,1,2019-09-21 03:56:02,-5.3,2
119,233,0,0.0,0,5.7,0.0,1,2019-09-21 03:58:02,-5.4,2
120,233,0,0.0,0,5.8,0.0,1,2019-09-21 04:00:02,-5.2,2
121,234,0,0.0,0,5.7,0.0,1,2019-09-21 04:02:02,-5.5,2
122,234,1,0.0,0,5.2,0.0,1,2019-09-21 04:04:02,-5.5,2
123,234,0,0.0,0,5.3,0.0,1,2019-09-21 04:06:02,-5.4,2
124,233,0,0.0,0,5.6,0.0,1,2019-09-21 04:08:02,-5.6,2
125,233,0,0.0,0,5.7,0.0,1,2019-09-21 04:10:02,-5.3,2
126,233,0,0.0,0,5.8,0.0,1,2019-09-21 04:12:02,-5.5,2
127,233,0,0.0,0,5.8,0.0,1,2019-09-21 04:14:02,-5.4,2
128,233,0,0.0,0,5.8,0.0,1,2019-09-21 04:16:02,-5.6,2
129,232,1,0.0,0,5.8,0.0,1,2019-09-21 04:18:02,-5.2,2
130,233,0,0.0,0,5.4,0.0,1,2019-09-21 04:20:02,-5.5,2
131,233,0,0.0,0,5.6,0.0,1,2019-09-21 04:22:02,-5.5,2
132,233,0,0.0,0,5.9,0.0,1,2019-09-21 04:24:02,-5.5,2
133,233,0,0.0,0,5.9,0.0,1,2019-09-21 04:26:02,-5.2,2
134,232,1,0.0,1,5.9,0.0,1,2019-09-21 04:28:02,-5.3,2
135,233,1,0.0,1,5.0,0.0,1,2019-09-21 04:30:02,-4.2,2
136,228,1,10.0,1,4.5,0.1,1,2019-09-21 04:32:02,-4.7,2
137,228,1,10.1,0,4.0,0.1,1,2019-09-21 04:34:02,-5.4,2
138,228,0,10.2,0,3.8,0.2,1,2019-09-21 04:36:02,-5.1,2
139,228,0,10.1,0,3.9,0.1,1,2019-09-21 04:38:02,-5.1,2
140,227,0,10.0,0,4.3,0.1,1,2019-09-21 04:40:02,-4.9,2
141,228,1,10.1,0,4.1,0.1,1,2019-09-21 04:42:02,-5.2,2
142,227,0,10.1,0,3.7,0.2,1,2019-09-21 04:44:02,-5.1,2
143,227,0,10.1,0,4.0,0.2,1,2019-09-21 04:46:02,-5.5,2
144,226,0,10.1,0,4.2,0.2,1,2019-09-21 04:48:02,-5.6,2
145,226,0,10.0,0,4.4,0.2,1,2019-09-21 04:50:02,-5.4,2
146,226,0,10.1,0,4.5,0.2,1,2019-09-21 04:52:02,-5.5,2
147,225,0,10.2,0,4.4,0.2,1,2019-09-21 04:54:02,-5.9,2
148,233,0,0.0,0,4.5,0.0,1,2019-09-21 04:56:03,-5.8,2
149,232,1,0.0,0,3.9,0.0,1,2019-09-21 04:58:03,-5.8,2
150,232,0,0.0,0,3.9,0.0,1,2019-09-21 05:00:03,-5.9,2
151,232,0,0.0,0,4.3,0.0,1,2019-09-21 05:02:03,-5.8,2
152,234,0,0.0,0,4.5,0.0,1,2019-09-21 05:04:03,-5.7,2
153,232,0,0.0,0,4.5,0.0,1,2019-09-21 05:06:03,-5.9,2
154,233,0,0.0,0,4.6,0.0,1,2019-09-21 05:08:03,-5.8,2
155,233,0,0.0,0,4.6,0.0,1,2019-09-21 05:10:03,-5.6,2
156,230,1,0.0,0,4.3,0.0,1,2019-09-21 05:12:03,-5.8,2
157,231,0,0.0,0,3.9,0.0,1,2019-09-21 05:14:03,-5.7,2
158,230,0,0.0,0,4.2,0.0,1,2019-09-21 05:16:03,-5.8,2
159,230,0,0.0,0,4.4,0.0,1,2019-09-21 05:18:03,-5.8,2
160,231,0,0.0,0,4.6,0.0,1,2019-09-21 05:20:03,-5.6,2
161,230,0,0.0,0,4.7,0.0,1,2019-09-21 05:22:03,-5.6,2
162,230,0,0.0,0,4.6,0.0,1,2019-09-21 05:24:03,-5.6,2
163,230,0,0.0,0,4.6,0.0,1,2019-09-21 05:26:03,-5.6,2
164,230,1,0.0,0,4.1,0.0,1,2019-09-21 05:28:03,-5.8,2
165,230,0,0.0,0,4.2,0.0,1,2019-09-21 05:30:03,-5.5,2
166,230,0,0.0,0,4.4,0.0,1,2019-09-21 05:32:03,-5.8,2
167,230,0,0.0,0,4.7,0.0,1,2019-09-21 05:34:03,-5.7,2
168,230,0,0.0,0,4.7,0.0,1,2019-09-21 05:36:03,-5.6,2
169,228,0,0.0,0,4.7,0.0,1,2019-09-21 05:38:03,-5.6,2
170,227,0,0.0,0,4.8,0.0,1,2019-09-21 05:40:03,-5.8,2
171,229,1,0.0,0,4.5,0.0,1,2019-09-21 05:42:03,-5.8,2
172,230,0,0.0,0,4.1,0.0,1,2019-09-21 05:44:03,-5.6,2
173,228,0,0.0,0,4.4,0.0,1,2019-09-21 05:46:03,-5.7,2
174,227,0,0.0,0,4.6,0.0,1,2019-09-21 05:48:03,-5.5,2
175,228,0,0.0,0,4.7,0.0,1,2019-09-21 05:50:03,-5.7,2
176,228,0,0.0,0,4.8,0.0,1,2019-09-21 05:52:03,-5.5,2
177,229,0,0.0,0,4.8,0.0,1,2019-09-21 05:54:03,-5.8,2
178,229,0,0.0,0,4.8,0.0,1,2019-09-21 05:56:03,-5.5,2
179,227,1,0.0,0,4.4,0.0,1,2019-09-21 05:58:03,-5.5,2
180,228,0,0.0,0,4.3,0.0,1,2019-09-21 06:00:03,-5.8,2
181,228,0,0.0,0,4.5,0.0,1,2019-09-21 06:02:03,-5.7,2
182,229,0,0.0,0,4.8,0.0,1,2019-09-21 06:04:03,-5.7,2
183,228,0,0.0,0,4.8,0.0,1,2019-09-21 06:06:03,-5.8,2
184,229,0,0.0,0,4.9,0.0,1,2019-09-21 06:08:03,-5.8,2
185,228,0,0.0,0,5.0,0.0,1,2019-09-21 06:10:03,-5.7,2
186,226,1,0.0,0,4.8,0.0,1,2019-09-21 06:12:03,-5.6,2
187,231,0,0.0,0,4.3,0.0,1,2019-09-21 06:14:03,-5.6,2
188,230,0,0.0,0,4.7,0.0,1,2019-09-21 06:16:03,-5.5,2
189,228,0,0.0,0,4.8,0.0,1,2019-09-21 06:18:03,-5.7,2
190,228,0,0.0,0,5.0,0.0,1,2019-09-21 06:20:03,-5.5,2
191,228,0,0.0,0,5.0,0.0,1,2019-09-21 06:22:03,-5.8,2
192,227,0,0.0,0,5.0,0.0,1,2019-09-21 06:24:03,-5.6,2
193,227,0,0.0,0,5.0,0.0,1,2019-09-21 06:26:03,-5.5,2
194,227,1,0.0,0,4.6,0.0,1,2019-09-21 06:28:03,-5.5,2
195,228,0,0.0,0,4.6,0.0,1,2019-09-21 06:30:03,-5.6,2
196,228,0,0.0,0,4.9,0.0,1,2019-09-21 06:32:03,-5.7,2
197,228,0,0.0,0,5.1,0.0,1,2019-09-21 06:34:03,-5.7,2
198,228,0,0.0,0,5.1,0.0,1,2019-09-21 06:36:03,-5.7,2
199,231,0,0.0,0,5.2,0.0,1,2019-09-21 06:38:03,-5.6,2
200,230,0,0.0,0,5.2,0.0,1,2019-09-21 06:40:03,-5.4,2
201,228,1,0.0,0,5.0,0.0,1,2019-09-21 06:42:03,-5.6,2
202,230,0,0.0,0,4.7,0.0,1,2019-09-21 06:44:03,-5.5,2
203,229,0,0.0,0,4.7,0.0,1,2019-09-21 06:46:03,-5.6,2
204,229,0,0.0,0,5.0,0.0,1,2019-09-21 06:48:03,-5.7,2
205,228,0,0.0,0,5.2,0.0,1,2019-09-21 06:50:03,-5.6,2
206,228,0,0.0,0,5.2,0.0,1,2019-09-21 06:52:03,-5.7,2
207,229,0,0.0,0,5.3,0.0,1,2019-09-21 06:54:03,-5.4,2
208,229,0,0.0,0,5.3,0.0,1,2019-09-21 06:56:03,-5.5,2
209,232,1,0.0,0,4.9,0.0,1,2019-09-21 06:58:03,-5.5,2
210,236,0,0.0,0,4.8,0.0,1,2019-09-21 07:00:03,-5.6,2
211,237,0,0.0,0,5.1,0.0,1,2019-09-21 07:02:03,-5.7,2
212,236,0,0.0,0,5.4,0.0,1,2019-09-21 07:04:03,-5.6,2
213,237,0,0.0,0,5.4,0.0,1,2019-09-21 07:06:03,-5.6,2
214,236,0,0.0,0,5.4,0.0,1,2019-09-21 07:08:03,-5.6,2
215,236,0,0.0,0,5.4,0.0,1,2019-09-21 07:10:03,-5.7,2
216,235,1,0.0,0,5.3,0.0,1,2019-09-21 07:12:03,-5.5,2
217,235,0,0.0,0,4.9,0.0,1,2019-09-21 07:14:03,-5.4,2
218,234,0,0.0,0,5.2,0.0,1,2019-09-21 07:16:03,-5.4,2
219,234,0,0.0,0,5.3,0.0,1,2019-09-21 07:18:03,-5.6,2
220,234,0,0.0,0,5.4,0.0,1,2019-09-21 07:20:03,-5.5,2
221,233,0,0.0,0,5.5,0.0,1,2019-09-21 07:22:03,-5.5,2
222,234,0,0.0,0,5.6,0.0,1,2019-09-21 07:24:03,-5.4,2
223,234,0,0.0,0,5.7,0.0,1,2019-09-21 07:26:03,-5.7,2
224,233,1,0.0,1,7.3,0.0,1,2019-09-21 07:28:03,-5.7,2
225,233,1,0.0,1,7.4,0.0,1,2019-09-21 07:30:03,-5.0,2
226,228,1,9.7,1,6.9,0.2,1,2019-09-21 07:32:03,-3.7,2
227,226,1,10.2,1,6.4,0.2,1,2019-09-21 07:34:03,-4.3,2
228,224,1,10.4,1,5.8,0.2,1,2019-09-21 07:36:03,-4.2,2
229,229,1,10.4,1,5.2,0.2,1,2019-09-21 07:38:03,-4.3,2
230,230,1,10.4,1,4.7,0.2,1,2019-09-21 07:40:03,-4.3,2
231,227,1,10.5,1,4.3,0.2,1,2019-09-21 07:42:03,-4.7,2
232,229,1,10.5,1,5.4,0.2,1,2019-09-21 07:44:03,-4.6,2
233,227,1,10.5,1,5.3,0.2,1,2019-09-21 07:46:03,-4.4,2
234,229,1,10.5,1,4.9,0.2,1,2019-09-21 07:48:03,-4.3,2
235,228,1,10.6,1,4.5,0.2,1,2019-09-21 07:50:03,-4.5,2
236,232,1,10.6,1,4.1,0.2,1,2019-09-21 07:52:03,-4.2,2
237,233,0,10.6,0,3.9,0.2,1,2019-09-21 07:54:03,-4.8,2
238,230,0,10.6,0,4.6,0.2,1,2019-09-21 07:56:03,-4.9,2
239,232,0,10.5,0,5.3,0.2,1,2019-09-21 07:58:03,-5.2,2
240,231,0,10.4,0,5.9,0.2,1,2019-09-21 08:00:03,-4.9,2
241,230,1,10.5,0,6.2,0.2,1,2019-09-21 08:02:03,-5.2,2
242,231,1,10.5,1,6.4,0.2,1,2019-09-21 08:04:03,-5.0,2
243,231,1,10.6,1,6.2,0.2,1,2019-09-21 08:06:03,-5.2,2
244,230,1,10.6,1,5.7,0.2,1,2019-09-21 08:08:03,-5.2,2
245,231,1,10.7,1,5.3,0.2,1,2019-09-21 08:10:03,-5.2,2
246,230,1,10.6,1,4.9,0.2,1,2019-09-21 08:12:03,-5.0,2
247,229,1,10.6,1,4.4,0.2,1,2019-09-21 08:14:03,-5.0,2
248,228,0,10.7,0,4.0,0.2,1,2019-09-21 08:16:03,-5.1,2
249,230,0,10.7,0,5.8,0.2,1,2019-09-21 08:18:03,-5.4,2
250,229,1,10.7,1,6.3,0.2,1,2019-09-21 08:20:03,-5.3,2
251,229,1,10.7,1,6.0,0.2,1,2019-09-21 08:22:03,-5.0,2
252,229,1,10.7,1,5.6,0.2,1,2019-09-21 08:24:03,-5.2,2
253,228,1,10.8,1,5.2,0.2,1,2019-09-21 08:26:03,-5.1,2
254,227,1,10.8,1,4.9,0.2,1,2019-09-21 08:28:03,-5.1,2
255,228,1,10.8,1,4.6,0.2,1,2019-09-21 08:30:03,-5.1,2
256,228,1,10.8,1,4.2,0.2,1,2019-09-21 08:32:03,-5.0,2
257,229,1,10.9,0,4.0,0.2,1,2019-09-21 08:34:03,-5.0,2
258,228,0,10.9,0,3.9,0.2,1,2019-09-21 08:36:03,-5.3,2
259,229,0,10.8,0,5.1,0.2,1,2019-09-21 08:38:03,-5.1,2
260,231,1,11.1,1,7.4,0.2,1,2019-09-21 08:40:03,-5.2,2
261,230,1,11.1,1,8.3,0.2,1,2019-09-21 08:42:03,-5.1,2
262,228,1,11.0,1,8.1,0.2,1,2019-09-21 08:44:03,-4.9,2
263,229,1,11.1,1,7.8,0.2,1,2019-09-21 08:46:04,-4.8,2
264,230,1,11.1,1,7.4,0.2,1,2019-09-21 08:48:04,-4.8,2
265,230,1,11.1,1,7.0,0.2,1,2019-09-21 08:50:04,-4.8,2
266,230,1,11.1,1,6.6,0.2,1,2019-09-21 08:52:04,-4.7,2
267,229,1,11.2,1,7.4,0.2,1,2019-09-21 08:54:04,-4.4,2
268,229,1,11.1,1,8.2,0.2,1,2019-09-21 08:56:04,-4.3,2
269,228,1,11.3,1,9.1,0.2,1,2019-09-21 08:58:04,-4.3,2
270,236,1,11.4,1,9.8,0.2,1,2019-09-21 09:00:04,-3.7,2
271,235,1,11.3,1,10.3,0.2,1,2019-09-21 09:02:04,-4.1,2
272,235,1,11.3,1,10.1,0.2,1,2019-09-21 09:04:04,-4.4,2
273,235,1,11.3,1,9.9,0.2,1,2019-09-21 09:06:04,-4.1,2
274,236,1,11.3,1,9.6,0.2,1,2019-09-21 09:08:04,-3.8,2
275,236,1,11.4,1,9.2,0.2,1,2019-09-21 09:10:04,-4.0,2
276,232,1,11.5,1,8.9,0.2,1,2019-09-21 09:12:04,-3.7,2
277,232,1,11.4,1,8.6,0.2,1,2019-09-21 09:14:04,-3.3,2
278,231,1,11.6,1,8.4,0.2,1,2019-09-21 09:16:04,-3.4,2
279,230,1,11.6,1,8.1,0.2,1,2019-09-21 09:18:04,-3.6,2
280,231,1,11.6,1,7.8,0.2,1,2019-09-21 09:20:04,-3.6,2
281,235,1,11.6,1,8.5,0.2,1,2019-09-21 09:22:04,-3.8,2
282,226,1,0.0,1,8.7,0.0,1,2019-09-21 09:24:04,-3.0,2
283,230,1,11.4,1,9.6,0.2,1,2019-09-21 09:26:04,-2.9,2
284,227,1,11.7,1,9.4,0.2,1,2019-09-21 09:28:04,-3.3,2
285,227,1,11.8,1,9.2,0.2,1,2019-09-21 09:30:04,-3.2,2
286,231,1,11.8,1,9.6,0.2,1,2019-09-21 09:32:04,-3.2,2
287,227,1,11.7,1,9.7,0.2,1,2019-09-21 09:34:04,-3.5,2
288,229,1,11.8,1,9.7,0.2,1,2019-09-21 09:36:04,-3.3,2
289,227,1,12.0,1,9.5,0.2,1,2019-09-21 09:38:04,-3.5,2
290,227,1,11.9,1,9.3,0.2,1,2019-09-21 09:40:04,-3.4,2
291,228,1,11.9,1,9.0,0.2,1,2019-09-21 09:42:04,-3.3,2
292,228,0,11.8,0,8.9,0.2,0,2019-09-21 09:44:04,-3.5,2
293,227,0,11.8,0,9.1,0.2,0,2019-09-21 09:46:04,-3.4,2
294,227,1,11.7,1,9.0,0.2,1,2019-09-21 09:48:04,-3.2,2
295,227,1,11.8,1,8.6,0.2,1,2019-09-21 09:50:04,-3.4,2
296,225,1,11.8,1,8.3,0.2,1,2019-09-21 09:52:04,-3.3,2
297,230,1,12.0,1,8.0,0.2,1,2019-09-21 09:54:04,-3.5,2
298,230,1,12.0,1,7.8,0.2,1,2019-09-21 09:56:04,-3.6,2
299,230,1,11.8,1,7.5,0.2,1,2019-09-21 09:58:04,-3.5,2
300,231,1,11.9,1,7.3,0.2,1,2019-09-21 10:00:04,-3.8,2
301,235,1,12.1,1,7.0,0.2,1,2019-09-21 10:02:04,-3.6,2
302,231,1,12.0,1,6.9,0.2,1,2019-09-21 10:04:04,-3.8,2
303,229,1,12.1,1,6.6,0.2,1,2019-09-21 10:06:04,-3.8,2
304,230,1,12.0,1,6.4,0.2,1,2019-09-21 10:08:04,-3.7,2
305,231,0,11.8,0,6.7,0.2,0,2019-09-21 10:10:04,-3.7,2
306,232,0,11.9,0,7.0,0.2,0,2019-09-21 10:12:04,-3.7,2
307,229,0,11.9,0,7.1,0.2,0,2019-09-21 10:14:04,-3.9,2
308,229,0,11.9,0,7.2,0.2,0,2019-09-21 10:16:04,-4.0,2
309,229,0,11.9,0,7.4,0.2,0,2019-09-21 10:18:04,-4.1,2
310,228,0,11.9,0,7.2,0.2,0,2019-09-21 10:20:04,-4.5,2
311,232,0,11.9,0,7.4,0.2,1,2019-09-21 10:22:04,-4.7,2
312,233,1,11.9,1,7.0,0.2,1,2019-09-21 10:24:04,-5.1,2
313,233,0,11.9,0,6.9,0.2,0,2019-09-21 10:26:04,-5.1,2
314,233,1,11.8,1,7.1,0.2,1,2019-09-21 10:28:04,-5.1,2
315,232,1,12.0,1,6.7,0.2,1,2019-09-21 10:30:04,-5.0,2
316,233,1,11.9,1,6.3,0.2,1,2019-09-21 10:32:04,-5.0,2
317,233,1,12.1,1,6.1,0.2,1,2019-09-21 10:34:04,-5.2,2
318,233,1,11.9,1,5.8,0.2,1,2019-09-21 10:36:04,-5.0,2
319,233,1,11.9,1,5.6,0.2,1,2019-09-21 10:38:04,-5.2,2
320,235,1,11.9,1,5.3,0.2,1,2019-09-21 10:40:04,-5.2,2
321,235,1,11.9,1,5.1,0.2,1,2019-09-21 10:42:04,-5.0,2
322,233,1,11.9,1,5.0,0.2,1,2019-09-21 10:44:04,-5.2,2
323,234,1,11.9,1,4.7,0.2,1,2019-09-21 10:46:04,-5.0,2
324,233,1,11.9,1,4.5,0.2,1,2019-09-21 10:48:04,-5.2,2
325,233,1,11.9,1,4.3,0.2,1,2019-09-21 10:50:04,-5.2,2
326,230,1,11.7,1,4.1,0.2,1,2019-09-21 10:52:04,-5.1,2
327,232,1,11.7,0,4.0,0.2,1,2019-09-21 10:54:04,-5.2,2
328,229,1,11.6,0,4.2,0.2,1,2019-09-21 10:56:04,-5.3,2
329,0,1,0.0,0,3.9,0.0,1,2019-09-21 10:58:04,-5.4,2
330,0,0,0.0,0,4.3,0.0,1,2019-09-21 11:00:04,-5.4,2
331,0,0,0.0,0,4.6,0.0,1,2019-09-21 11:02:04,-5.3,2
332,228,0,0.0,0,4.7,0.0,1,2019-09-21 11:04:04,-5.4,2
333,235,0,0.0,0,4.8,0.0,1,2019-09-21 11:06:04,-5.3,2
334,235,0,0.0,0,4.8,0.0,1,2019-09-21 11:08:04,-5.4,2
335,233,0,0.0,0,4.9,0.0,1,2019-09-21 11:10:04,-5.2,2
336,233,1,0.0,0,4.3,0.0,1,2019-09-21 11:12:04,-5.3,2
337,233,0,0.0,0,4.0,0.0,1,2019-09-21 11:14:04,-5.2,2
338,234,0,0.0,0,4.5,0.0,1,2019-09-21 11:16:04,-5.2,2
339,235,0,0.0,0,4.6,0.0,1,2019-09-21 11:18:04,-5.2,2
340,234,0,0.0,0,4.7,0.0,1,2019-09-21 11:20:04,-5.2,2
341,235,0,0.0,0,4.8,0.0,1,2019-09-21 11:22:04,-5.3,2
342,234,0,0.0,0,4.8,0.0,1,2019-09-21 11:24:04,-5.2,2
343,231,1,0.0,0,4.8,0.0,1,2019-09-21 11:26:04,-5.2,2
344,231,1,0.0,0,4.1,0.0,1,2019-09-21 11:28:04,-5.2,2
345,231,0,0.0,0,4.3,0.0,1,2019-09-21 11:30:04,-5.2,2
346,231,0,0.0,0,4.4,0.0,1,2019-09-21 11:32:04,-5.2,2
347,232,0,0.0,0,4.7,0.0,1,2019-09-21 11:34:04,-5.1,2
348,230,0,0.0,0,4.7,0.0,1,2019-09-21 11:36:04,-5.2,2
349,0,0,0.0,0,4.8,0.0,1,2019-09-21 11:38:04,-5.2,2
350,0,0,0.0,0,4.8,0.0,1,2019-09-21 11:40:04,-5.1,2
351,228,1,0.0,0,4.4,0.0,1,2019-09-21 11:42:04,-5.1,2
352,230,0,0.0,0,4.0,0.0,1,2019-09-21 11:44:04,-5.3,2
353,226,0,0.0,0,4.5,0.0,1,2019-09-21 11:46:04,-5.1,2
354,227,0,0.0,0,4.6,0.0,1,2019-09-21 11:48:04,-5.1,2
355,231,0,0.0,0,4.8,0.0,1,2019-09-21 11:50:04,-5.1,2
356,231,0,0.0,0,4.8,0.0,1,2019-09-21 11:52:04,-5.1,2
357,231,0,0.0,0,4.8,0.0,1,2019-09-21 11:54:04,-5.2,2
358,230,1,0.0,0,4.9,0.0,1,2019-09-21 11:56:04,-5.2,2
359,232,1,0.0,0,4.2,0.0,1,2019-09-21 11:58:04,-5.1,2
360,236,0,0.0,0,4.3,0.0,1,2019-09-21 12:00:04,-5.1,2
361,235,0,0.0,0,4.6,0.0,1,2019-09-21 12:02:04,-5.1,2
362,235,0,0.0,0,4.8,0.0,1,2019-09-21 12:04:04,-5.2,2
363,235,0,0.0,0,4.8,0.0,1,2019-09-21 12:06:04,-5.0,2
364,236,0,0.0,0,4.9,0.0,1,2019-09-21 12:08:04,-5.2,2
365,235,0,0.0,0,4.9,0.0,1,2019-09-21 12:10:04,-5.1,2
366,236,1,0.0,0,4.6,0.0,1,2019-09-21 12:12:04,-5.1,2
367,236,0,0.0,0,4.2,0.0,1,2019-09-21 12:14:04,-5.1,2
368,235,0,0.0,0,4.5,0.0,1,2019-09-21 12:16:04,-5.1,2
369,231,0,0.0,0,4.6,0.0,1,2019-09-21 12:18:04,-5.2,2
370,231,0,0.0,0,4.8,0.0,1,2019-09-21 12:20:04,-5.2,2
371,232,0,0.0,0,4.9,0.0,1,2019-09-21 12:22:04,-5.2,2
372,230,0,0.0,0,5.0,0.0,1,2019-09-21 12:24:04,-5.1,2
373,229,0,0.0,0,5.0,0.0,1,2019-09-21 12:26:04,-5.1,2
374,227,1,0.0,0,4.3,0.0,1,2019-09-21 12:28:04,-5.2,2
375,230,0,0.0,0,4.5,0.0,1,2019-09-21 12:30:04,-5.0,2
376,231,0,0.0,0,4.6,0.0,1,2019-09-21 12:32:04,-5.2,2
377,230,0,0.0,0,4.8,0.0,1,2019-09-21 12:34:04,-5.0,2
378,231,0,0.0,0,4.9,0.0,1,2019-09-21 12:36:04,-5.0,2
379,230,0,0.0,0,4.9,0.0,1,2019-09-21 12:38:04,-5.1,2
380,231,0,0.0,0,4.9,0.0,1,2019-09-21 12:40:05,-5.2,2
381,233,1,0.0,0,4.7,0.0,1,2019-09-21 12:42:04,-5.2,2
382,234,0,0.0,0,4.3,0.0,1,2019-09-21 12:44:04,-5.0,2
383,234,0,0.0,0,4.6,0.0,1,2019-09-21 12:46:04,-5.0,2
384,234,0,0.0,0,4.7,0.0,1,2019-09-21 12:48:04,-5.1,2
385,234,0,0.0,0,4.8,0.0,1,2019-09-21 12:50:04,-5.2,2
386,234,0,0.0,0,4.9,0.0,1,2019-09-21 12:52:04,-5.0,2
387,234,0,0.0,0,5.0,0.0,1,2019-09-21 12:54:05,-5.2,2
388,234,0,0.0,0,5.0,0.0,1,2019-09-21 12:56:05,-5.2,2
389,234,1,0.0,0,4.3,0.0,1,2019-09-21 12:58:05,-5.2,2
390,234,0,0.0,0,4.6,0.0,1,2019-09-21 13:00:05,-5.0,2
391,235,0,0.0,0,4.7,0.0,1,2019-09-21 13:02:05,-5.1,2
392,236,0,0.0,0,4.8,0.0,1,2019-09-21 13:04:05,-5.1,2
393,236,0,0.0,0,5.0,0.0,1,2019-09-21 13:06:05,-5.0,2
394,236,0,0.0,0,5.0,0.0,1,2019-09-21 13:08:05,-5.0,2
395,234,0,0.0,0,5.1,0.0,1,2019-09-21 13:10:05,-5.0,2
396,234,1,0.0,0,4.9,0.0,1,2019-09-21 13:12:05,-5.1,2
397,235,0,0.0,0,4.3,0.0,1,2019-09-21 13:14:05,-5.2,2
398,235,0,0.0,0,4.7,0.0,1,2019-09-21 13:16:05,-5.1,2
399,236,0,0.0,0,4.9,0.0,1,2019-09-21 13:18:05,-5.2,2
400,235,0,0.0,0,5.0,0.0,1,2019-09-21 13:20:05,-5.2,2
401,236,0,0.0,0,5.1,0.0,1,2019-09-21 13:22:05,-5.0,2
402,235,0,0.0,0,5.1,0.0,1,2019-09-21 13:24:05,-5.0,2
403,234,0,0.0,0,5.1,0.0,1,2019-09-21 13:26:05,-5.1,2
404,233,1,0.0,0,4.5,0.0,1,2019-09-21 13:28:00,-5.1,2
405,235,0,0.0,0,4.5,0.0,1,2019-09-21 13:30:00,-5.2,2
406,235,0,0.0,0,4.9,0.0,1,2019-09-21 13:32:00,-5.2,2
407,235,0,0.0,0,4.9,0.0,1,2019-09-21 13:34:00,-5.2,2
408,233,0,0.0,0,5.0,0.0,1,2019-09-21 13:36:00,-5.2,2
409,233,0,0.0,0,5.2,0.0,1,2019-09-21 13:38:00,-5.0,2
410,232,0,0.0,0,5.2,0.0,1,2019-09-21 13:40:00,-5.1,2
411,232,1,0.0,0,5.1,0.0,1,2019-09-21 13:42:00,-5.0,2
412,232,0,0.0,0,4.5,0.0,1,2019-09-21 13:44:00,-5.1,2
413,231,0,0.0,0,4.9,0.0,1,2019-09-21 13:46:00,-5.2,2
414,231,0,0.0,0,5.1,0.0,1,2019-09-21 13:48:00,-5.1,2
415,232,0,0.0,0,5.1,0.0,1,2019-09-21 13:50:00,-5.0,2
416,233,0,0.0,0,5.2,0.0,1,2019-09-21 13:52:00,-5.0,2
417,232,0,0.0,0,5.2,0.0,1,2019-09-21 13:54:00,-5.2,2
418,232,0,0.0,0,5.2,0.0,1,2019-09-21 13:56:00,-5.1,2
419,232,1,0.0,0,4.7,0.0,1,2019-09-21 13:58:00,-5.0,2
420,234,0,0.0,0,4.7,0.0,1,2019-09-21 14:00:00,-5.0,2
421,234,0,0.0,0,4.9,0.0,1,2019-09-21 14:02:00,-5.2,2
422,233,0,0.0,0,5.0,0.0,1,2019-09-21 14:04:00,-5.1,2
423,233,0,0.0,0,5.1,0.0,1,2019-09-21 14:06:00,-5.2,2
424,0,0,0.0,0,5.3,0.0,1,2019-09-21 14:08:00,-5.0,2
425,229,0,0.0,0,5.3,0.0,1,2019-09-21 14:10:00,-5.0,2
426,228,1,0.0,0,5.3,0.0,1,2019-09-21 14:12:00,-5.1,2
427,234,0,0.0,0,4.6,0.0,1,2019-09-21 14:14:00,-5.2,2
428,233,0,0.0,0,4.9,0.0,1,2019-09-21 14:16:00,-5.2,2
429,233,0,0.0,0,5.1,0.0,0,2019-09-21 14:18:00,-5.2,2
430,231,1,0.0,0,5.0,0.0,1,2019-09-21 14:20:00,-5.1,2
431,233,0,0.0,0,4.7,0.0,1,2019-09-21 14:22:00,-5.0,2
432,231,0,0.0,0,5.0,0.0,1,2019-09-21 14:24:00,-5.0,2
433,228,0,0.0,0,5.2,0.0,1,2019-09-21 14:26:00,-5.1,2
434,230,0,0.0,0,5.3,0.0,1,2019-09-21 14:28:00,-5.0,2
435,230,0,0.0,0,5.6,0.0,1,2019-09-21 14:30:00,-5.1,2
436,230,1,0.0,1,13.1,0.0,1,2019-09-21 14:32:00,-4.8,2
437,232,0,0.0,0,13.6,0.0,0,2019-09-21 14:34:00,-4.7,2
438,232,0,0.0,0,13.9,0.0,0,2019-09-21 14:36:00,-4.7,2
439,232,0,0.0,0,17.7,0.0,0,2019-09-21 14:38:00,-4.9,2
440,233,0,0.0,0,18.3,0.0,0,2019-09-21 14:40:00,-4.7,2
441,0,0,0.0,0,18.5,0.0,0,2019-09-21 14:42:00,-4.8,2
442,0,0,0.0,0,18.8,0.0,0,2019-09-21 14:44:00,-4.9,2
443,0,0,0.0,0,19.0,0.0,0,2019-09-21 14:46:00,-4.9,2
444,0,0,0.0,0,19.1,0.0,0,2019-09-21 14:48:00,-4.9,2
445,0,0,0.0,0,19.2,0.0,0,2019-09-21 14:50:00,-4.9,2
446,0,0,0.0,0,19.4,0.0,0,2019-09-21 14:52:00,-4.9,2
447,0,0,0.0,0,19.5,0.0,0,2019-09-21 14:54:00,-4.9,2
448,0,0,0.0,0,19.6,0.0,0,2019-09-21 14:56:00,-4.9,2
449,0,0,0.0,0,19.7,0.0,0,2019-09-21 14:58:00,-4.9,2
450,0,0,0.0,0,19.8,0.0,0,2019-09-21 15:00:00,-5.0,2
451,0,0,0.0,0,19.8,0.0,0,2019-09-21 15:02:00,-4.9,2
452,0,0,0.0,0,19.8,0.0,0,2019-09-21 15:04:00,-5.0,2
453,0,0,0.0,0,19.8,0.0,0,2019-09-21 15:06:00,-5.0,2
454,0,0,0.0,0,19.9,0.0,0,2019-09-21 15:08:00,-5.0,2
455,0,0,0.0,0,20.0,0.0,0,2019-09-21 15:10:00,-5.0,2
456,0,0,0.0,0,20.0,0.0,0,2019-09-21 15:12:00,-5.0,2
457,0,0,0.0,0,20.1,0.0,0,2019-09-21 15:14:00,-5.0,2
458,226,0,0.0,0,20.2,0.0,0,2019-09-21 15:16:00,-5.0,2
459,227,0,0.0,0,20.3,0.0,0,2019-09-21 15:18:00,-5.0,2
460,233,0,0.0,0,20.3,0.0,0,2019-09-21 15:20:00,-4.9,2
461,234,0,0.0,0,20.4,0.0,0,2019-09-21 15:22:00,-5.0,2
462,233,0,0.0,0,20.6,0.0,0,2019-09-21 15:24:00,-4.9,2
463,233,0,0.0,0,20.7,0.0,0,2019-09-21 15:26:00,-5.0,2
464,233,0,0.0,0,20.7,0.0,0,2019-09-21 15:28:00,-4.9,2
465,233,0,0.0,0,20.8,0.0,0,2019-09-21 15:30:00,-5.0,2
466,233,0,0.0,0,20.9,0.0,0,2019-09-21 15:32:00,-4.8,2
467,233,0,0.0,0,21.0,0.0,0,2019-09-21 15:34:00,-4.8,2
468,232,0,0.0,0,21.1,0.0,0,2019-09-21 15:36:00,-4.8,2
469,233,0,0.0,0,21.1,0.0,0,2019-09-21 15:38:00,-5.0,2
470,233,0,0.0,0,21.2,0.0,0,2019-09-21 15:40:00,-5.0,2
471,233,0,0.0,0,21.2,0.0,0,2019-09-21 15:42:00,-5.0,2
472,233,0,0.0,0,21.3,0.0,0,2019-09-21 15:44:00,-4.8,2
473,233,0,0.0,0,21.3,0.0,0,2019-09-21 15:46:00,-5.0,2
474,232,0,0.0,0,21.3,0.0,0,2019-09-21 15:48:00,-5.0,2
475,234,0,0.0,0,21.4,0.0,0,2019-09-21 15:50:00,-4.9,2
476,234,0,0.0,0,21.4,0.0,0,2019-09-21 15:52:00,-4.9,2
477,234,0,0.0,0,21.4,0.0,0,2019-09-21 15:54:00,-4.8,2
478,234,0,0.0,0,21.4,0.0,0,2019-09-21 15:56:00,-4.8,2
479,232,0,0.0,0,21.5,0.0,0,2019-09-21 15:58:00,-5.0,2
480,233,0,0.0,0,21.5,0.0,0,2019-09-21 16:00:00,-4.8,2
481,232,0,0.0,0,21.5,0.0,0,2019-09-21 16:02:00,-4.8,2
482,231,0,0.0,0,21.4,0.0,0,2019-09-21 16:04:00,-4.8,2
483,233,0,0.0,0,21.5,0.0,0,2019-09-21 16:06:00,-4.8,2
484,232,0,0.0,0,21.5,0.0,0,2019-09-21 16:08:00,-4.8,2
485,233,0,0.0,0,21.5,0.0,0,2019-09-21 16:10:00,-4.8,2
486,231,0,0.0,0,21.5,0.0,0,2019-09-21 16:12:00,-4.8,2
487,232,0,0.0,0,21.5,0.0,0,2019-09-21 16:14:00,-4.8,2
488,232,0,0.0,0,21.4,0.0,0,2019-09-21 16:16:00,-4.9,2
489,233,0,0.0,0,21.4,0.0,0,2019-09-21 16:18:00,-4.8,2
490,232,0,0.0,0,21.4,0.0,0,2019-09-21 16:20:00,-4.9,2
491,233,0,0.0,0,21.4,0.0,0,2019-09-21 16:22:00,-4.8,2
492,233,0,0.0,0,21.3,0.0,0,2019-09-21 16:24:00,-5.0,2
493,232,0,0.0,0,21.4,0.0,0,2019-09-21 16:26:00,-4.8,2
494,0,0,0.0,0,21.4,0.0,0,2019-09-21 16:28:00,-4.8,2
495,0,0,0.0,0,21.3,0.0,0,2019-09-21 16:30:00,-4.8,2
496,0,0,0.0,0,21.3,0.0,0,2019-09-21 16:32:00,-4.8,2
497,0,0,0.0,0,21.3,0.0,0,2019-09-21 16:34:00,-4.8,2
498,0,0,0.0,0,21.3,0.0,0,2019-09-21 16:36:00,-4.8,2
499,0,0,0.0,0,21.3,0.0,0,2019-09-21 16:38:00,-4.8,2
500,0,0,0.0,0,21.3,0.0,0,2019-09-21 16:40:00,-4.8,2
501,0,0,0.0,0,21.3,0.0,0,2019-09-21 16:42:00,-4.8,2
502,0,0,0.0,0,21.3,0.0,0,2019-09-21 16:44:00,-4.8,2
503,0,0,0.0,0,21.3,0.0,0,2019-09-21 16:46:00,-4.8,2
504,0,0,0.0,0,21.3,0.0,0,2019-09-21 16:48:00,-4.8,2
505,0,0,0.0,0,21.3,0.0,0,2019-09-21 16:50:00,-4.8,2
506,0,0,0.0,0,21.3,0.0,0,2019-09-21 16:52:00,-4.8,2
507,0,0,0.0,0,21.3,0.0,0,2019-09-21 16:54:00,-4.8,2
508,0,0,0.0,0,21.3,0.0,0,2019-09-21 16:56:00,-4.8,2
509,0,0,0.0,0,21.3,0.0,0,2019-09-21 16:58:00,-4.8,2
510,0,0,0.0,0,21.3,0.0,0,2019-09-21 17:00:00,-4.8,2
511,225,0,0.0,0,21.3,0.0,0,2019-09-21 17:02:00,-4.7,2
512,227,0,0.0,0,21.3,0.0,0,2019-09-21 17:04:00,-4.7,2
513,228,0,0.0,0,21.3,0.0,0,2019-09-21 17:06:01,-4.8,2
514,227,0,0.0,0,21.2,0.0,0,2019-09-21 17:08:01,-4.8,2
515,228,0,0.0,0,21.3,0.0,0,2019-09-21 17:10:01,-4.7,2
516,228,0,0.0,0,21.3,0.0,0,2019-09-21 17:12:01,-4.8,2
517,229,0,0.0,0,21.3,0.0,0,2019-09-21 17:14:01,-4.8,2
518,228,0,0.0,0,21.2,0.0,0,2019-09-21 17:16:01,-4.7,2
519,228,0,0.0,0,21.3,0.0,0,2019-09-21 17:18:01,-4.8,2
520,228,0,0.0,0,21.2,0.0,0,2019-09-21 17:20:01,-4.7,2
521,228,0,0.0,0,21.2,0.0,0,2019-09-21 17:22:01,-4.7,2
522,231,0,0.0,0,21.2,0.0,0,2019-09-21 17:24:01,-4.8,2
523,231,0,0.0,0,21.2,0.0,0,2019-09-21 17:26:01,-4.7,2
524,230,0,0.0,0,21.2,0.0,0,2019-09-21 17:28:01,-4.8,2
525,230,0,0.0,0,21.2,0.0,0,2019-09-21 17:30:01,-4.8,2
526,231,0,0.0,0,21.2,0.0,0,2019-09-21 17:32:01,-4.5,2
527,232,0,0.0,0,21.2,0.0,0,2019-09-21 17:34:01,-4.5,2
528,231,0,0.0,0,21.2,0.0,0,2019-09-21 17:36:01,-4.8,2
529,229,0,0.0,0,21.2,0.0,0,2019-09-21 17:38:01,-4.6,2
530,230,0,0.0,0,21.1,0.0,0,2019-09-21 17:40:01,-4.5,2
531,229,0,0.0,0,21.1,0.0,0,2019-09-21 17:42:01,-4.8,2
532,229,0,0.0,0,21.1,0.0,0,2019-09-21 17:44:01,-4.6,2
533,230,0,0.0,0,21.0,0.0,0,2019-09-21 17:46:01,-4.8,2
534,232,0,0.0,0,21.1,0.0,0,2019-09-21 17:48:01,-4.5,2
535,233,0,0.0,0,21.1,0.0,0,2019-09-21 17:50:01,-4.5,2
536,231,0,0.0,0,21.0,0.0,0,2019-09-21 17:52:01,-4.7,2
537,230,0,0.0,0,20.9,0.0,0,2019-09-21 17:54:01,-4.7,2
538,232,0,0.0,0,20.9,0.0,0,2019-09-21 17:56:01,-4.6,2
539,232,0,0.0,0,20.9,0.0,0,2019-09-21 17:58:01,-4.5,2
540,231,0,0.0,0,20.9,0.0,0,2019-09-21 18:00:01,-4.7,2
541,233,0,0.0,0,20.9,0.0,0,2019-09-21 18:02:01,-4.4,2
542,233,0,0.0,0,20.9,0.0,0,2019-09-21 18:04:01,-4.7,2
543,229,0,0.0,0,20.8,0.0,0,2019-09-21 18:06:01,-4.7,2
544,0,0,0.0,0,20.8,0.0,0,2019-09-21 18:08:01,-4.5,2
545,0,0,0.0,0,20.8,0.0,0,2019-09-21 18:10:01,-4.5,2
546,0,0,0.0,0,20.8,0.0,0,2019-09-21 18:12:01,-4.5,2
547,0,0,0.0,0,20.8,0.0,0,2019-09-21 18:14:01,-4.5,2
548,0,0,0.0,0,20.8,0.0,0,2019-09-21 18:16:01,-4.5,2
549,0,0,0.0,0,20.7,0.0,0,2019-09-21 18:18:01,-4.5,2
550,0,0,0.0,0,20.7,0.0,0,2019-09-21 18:20:01,-4.5,2
551,0,0,0.0,0,20.7,0.0,0,2019-09-21 18:22:01,-4.5,2
552,0,0,0.0,0,20.7,0.0,0,2019-09-21 18:24:01,-4.5,2
553,0,0,0.0,0,20.7,0.0,0,2019-09-21 18:26:01,-4.5,2
554,0,0,0.0,0,20.7,0.0,0,2019-09-21 18:28:01,-4.5,2
555,0,0,0.0,0,20.7,0.0,0,2019-09-21 18:30:01,-4.5,2
556,0,0,0.0,0,20.7,0.0,0,2019-09-21 18:32:01,-4.5,2
557,0,0,0.0,0,20.7,0.0,0,2019-09-21 18:34:01,-4.5,2
558,0,0,0.0,0,20.6,0.0,0,2019-09-21 18:36:01,-4.4,2
559,0,0,0.0,0,20.6,0.0,0,2019-09-21 18:38:01,-4.4,2
560,0,0,0.0,0,20.6,0.0,0,2019-09-21 18:40:01,-4.4,2
561,0,0,0.0,0,20.6,0.0,0,2019-09-21 18:42:01,-4.4,2
562,0,0,0.0,0,20.6,0.0,0,2019-09-21 18:44:01,-4.4,2
563,0,0,0.0,0,20.6,0.0,0,2019-09-21 18:46:01,-4.4,2
564,0,0,0.0,0,20.6,0.0,0,2019-09-21 18:48:01,-4.4,2
565,0,0,0.0,0,20.6,0.0,0,2019-09-21 18:50:01,-4.4,2
566,0,0,0.0,0,20.5,0.0,0,2019-09-21 18:52:01,-4.4,2
567,227,0,0.0,0,20.3,0.0,0,2019-09-21 18:54:01,-4.5,2
568,228,0,0.0,0,20.3,0.0,0,2019-09-21 18:56:01,-4.5,2
569,227,0,0.0,0,20.2,0.0,0,2019-09-21 18:58:01,-4.4,2
570,228,0,0.0,0,20.2,0.0,0,2019-09-21 19:00:01,-4.2,2
571,226,0,0.0,0,20.0,0.0,0,2019-09-21 19:02:01,-4.2,2
572,229,0,0.0,0,19.9,0.0,0,2019-09-21 19:04:01,-4.5,2
573,228,0,0.0,0,19.8,0.0,0,2019-09-21 19:06:01,-4.5,2
574,229,0,0.0,0,19.8,0.0,0,2019-09-21 19:08:01,-4.3,2
575,227,0,0.0,0,19.7,0.0,0,2019-09-21 19:10:01,-4.4,2
576,230,0,0.0,0,19.7,0.0,0,2019-09-21 19:12:01,-4.1,2
577,228,0,0.0,0,25.8,0.0,0,2019-09-21 19:14:01,-4.2,2
578,230,0,0.0,0,28.7,0.0,0,2019-09-21 19:16:01,-4.4,2
579,230,0,0.0,0,29.4,0.0,0,2019-09-21 19:18:01,-4.4,2
580,229,0,0.0,0,29.6,0.0,0,2019-09-21 19:20:01,-4.3,2
581,231,0,0.0,0,29.7,0.0,0,2019-09-21 19:22:01,-4.1,2
582,230,0,0.0,0,29.6,0.0,0,2019-09-21 19:24:01,-4.3,2
583,232,0,0.0,0,29.5,0.0,0,2019-09-21 19:26:01,-4.3,2
584,232,0,0.0,0,29.5,0.0,0,2019-09-21 19:28:01,-4.3,2
585,231,0,0.0,0,29.5,0.0,0,2019-09-21 19:30:01,-4.3,2
586,232,0,0.0,0,29.4,0.0,0,2019-09-21 19:32:01,-4.4,2
587,232,0,0.0,0,29.4,0.0,0,2019-09-21 19:34:01,-4.1,2
588,231,0,0.0,0,29.3,0.0,0,2019-09-21 19:36:01,-4.3,2
589,232,0,0.0,0,29.2,0.2,0,2019-09-21 19:38:01,-4.1,2
590,231,0,0.0,0,29.1,0.2,0,2019-09-21 19:40:01,-4.3,2
591,232,0,0.0,0,29.0,0.2,0,2019-09-21 19:42:01,-4.3,2
592,0,0,0.0,0,28.9,0.0,0,2019-09-21 19:44:01,-4.0,2
593,0,0,0.0,0,28.6,0.0,0,2019-09-21 19:46:01,-3.9,2
594,0,0,0.0,0,28.3,0.0,0,2019-09-21 19:48:01,-3.8,2
595,0,0,0.0,0,27.9,0.0,0,2019-09-21 19:50:01,-3.8,2
596,0,0,0.0,0,27.8,0.0,0,2019-09-21 19:52:01,-3.7,2
597,0,0,0.0,0,27.7,0.0,0,2019-09-21 19:54:01,-3.7,2
598,0,0,0.0,0,27.6,0.0,0,2019-09-21 19:56:01,-3.7,2
599,0,0,0.0,0,28.2,0.0,0,2019-09-21 19:58:01,-3.7,2
600,0,0,0.0,0,28.2,0.0,0,2019-09-21 20:00:01,-3.8,2
601,0,0,0.0,0,28.1,0.0,0,2019-09-21 20:02:01,-3.8,2
602,0,0,0.0,0,28.0,0.0,0,2019-09-21 20:04:01,-3.8,2
603,0,0,0.0,0,28.0,0.0,0,2019-09-21 20:06:01,-3.8,2
604,0,0,0.0,0,27.9,0.0,0,2019-09-21 20:08:01,-3.8,2
605,0,0,0.0,0,27.9,0.0,0,2019-09-21 20:10:01,-3.8,2
606,0,0,0.0,0,27.8,0.0,0,2019-09-21 20:12:01,-3.8,2
607,0,0,0.0,0,27.8,0.0,0,2019-09-21 20:14:01,-3.9,2
608,0,0,0.0,0,27.7,0.0,0,2019-09-21 20:16:01,-3.9,2
609,0,0,0.0,0,27.7,0.0,0,2019-09-21 20:18:01,-3.9,2
610,0,0,0.0,0,27.7,0.0,0,2019-09-21 20:20:01,-3.9,2
611,0,0,0.0,0,27.6,0.0,0,2019-09-21 20:22:01,-3.9,2
612,0,0,0.0,0,27.6,0.0,0,2019-09-21 20:24:01,-3.9,2
613,0,0,0.0,0,27.6,0.0,0,2019-09-21 20:26:01,-3.9,2
614,0,0,0.0,0,27.5,0.0,0,2019-09-21 20:28:01,-3.9,2
615,0,0,0.0,0,27.5,0.0,0,2019-09-21 20:30:01,-3.9,2
616,0,0,0.0,0,27.4,0.0,0,2019-09-21 20:32:01,-3.9,2
617,0,0,0.0,0,27.4,0.0,0,2019-09-21 20:34:01,-3.9,2
618,0,0,0.0,0,27.4,0.0,0,2019-09-21 20:36:01,-3.9,2
619,0,0,0.0,0,27.3,0.0,0,2019-09-21 20:38:01,-3.9,2
620,0,0,0.0,0,27.6,0.0,0,2019-09-21 20:40:01,-3.9,2
621,0,0,0.0,0,27.7,0.0,0,2019-09-21 20:42:01,-3.9,2
622,0,0,0.0,0,27.9,0.0,0,2019-09-21 20:44:01,-3.9,2
623,0,0,0.0,0,28.2,0.0,0,2019-09-21 20:46:01,-3.8,2
624,0,0,0.0,0,28.3,0.0,0,2019-09-21 20:48:01,-3.9,2
625,0,0,0.0,0,28.3,0.0,0,2019-09-21 20:50:01,-3.8,2
626,0,0,0.0,0,28.3,0.0,0,2019-09-21 20:52:01,-3.8,2
627,0,0,0.0,0,28.3,0.0,0,2019-09-21 20:54:01,-3.8,2
628,0,0,0.0,0,28.3,0.0,0,2019-09-21 20:56:01,-3.8,2
629,0,0,0.0,0,28.3,0.0,0,2019-09-21 20:58:01,-3.8,2
630,0,0,0.0,0,28.3,0.0,0,2019-09-21 21:00:01,-3.8,2
631,0,0,0.0,0,28.3,0.0,0,2019-09-21 21:02:02,-3.8,2
632,0,0,0.0,0,28.3,0.0,0,2019-09-21 21:04:02,-3.8,2
633,0,0,0.0,0,28.2,0.0,0,2019-09-21 21:06:02,-3.8,2
634,0,0,0.0,0,28.2,0.0,0,2019-09-21 21:08:02,-3.8,2
635,0,0,0.0,0,28.1,0.0,0,2019-09-21 21:10:02,-3.8,2
636,226,0,8.6,1,28.0,0.2,1,2019-09-21 21:12:02,-4.1,2
637,225,1,11.0,1,26.7,0.2,1,2019-09-21 21:14:02,-4.0,2
638,226,1,11.2,1,24.8,0.1,1,2019-09-21 21:16:02,-3.3,2
639,227,1,11.3,1,23.2,0.1,1,2019-09-21 21:18:02,-2.9,2
640,227,1,11.4,1,21.5,0.1,1,2019-09-21 21:20:02,-2.4,2
641,227,1,11.4,1,20.0,0.1,1,2019-09-21 21:22:02,-2.2,2
642,227,1,11.5,1,18.6,0.1,1,2019-09-21 21:24:02,-2.1,2
643,227,1,11.5,1,17.5,0.2,1,2019-09-21 21:26:02,-2.2,2
644,228,1,11.4,1,16.3,0.2,1,2019-09-21 21:28:02,-2.3,2
645,228,1,11.5,1,15.2,0.2,1,2019-09-21 21:30:02,-2.2,2
646,227,1,11.5,1,14.2,0.2,1,2019-09-21 21:32:02,-1.8,2
647,227,1,11.4,1,13.4,0.2,1,2019-09-21 21:34:02,-2.0,2
648,228,1,11.5,1,12.5,0.2,1,2019-09-21 21:36:02,-2.2,2
649,228,1,11.4,1,11.7,0.2,1,2019-09-21 21:38:02,-2.2,2
650,229,1,11.5,1,10.9,0.2,1,2019-09-21 21:40:02,-2.0,2
651,228,1,11.5,1,10.3,0.2,1,2019-09-21 21:42:02,-2.4,2
652,229,1,11.4,1,9.6,0.2,1,2019-09-21 21:44:02,-2.3,2
653,228,1,11.4,1,8.9,0.2,1,2019-09-21 21:46:02,-2.6,2
654,229,1,11.4,1,8.3,0.2,1,2019-09-21 21:48:02,-2.7,2
655,228,1,11.4,1,7.8,0.2,1,2019-09-21 21:50:02,-2.7,2
656,228,1,11.3,1,7.2,0.2,1,2019-09-21 21:52:02,-2.7,2
657,230,1,11.3,1,6.6,0.2,1,2019-09-21 21:54:02,-2.5,2
658,230,1,11.3,1,6.1,0.2,1,2019-09-21 21:56:02,-2.9,2
659,230,1,11.3,1,5.7,0.2,1,2019-09-21 21:58:02,-2.6,2
660,230,1,11.3,1,5.2,0.2,1,2019-09-21 22:00:02,-2.7,2
661,230,1,11.3,1,4.7,0.2,1,2019-09-21 22:02:02,-3.1,2
662,231,1,11.3,1,4.3,0.2,1,2019-09-21 22:04:02,-3.2,2
663,230,1,11.3,0,3.8,0.2,1,2019-09-21 22:06:02,-3.4,2
664,231,0,11.2,0,3.9,0.2,1,2019-09-21 22:08:02,-3.3,2
665,231,1,11.2,0,3.7,0.2,1,2019-09-21 22:10:02,-3.8,2
666,232,0,11.2,0,4.0,0.2,1,2019-09-21 22:12:02,-4.0,2
667,231,0,11.2,0,4.5,0.2,1,2019-09-21 22:14:02,-4.1,2
668,232,0,11.2,0,4.6,0.2,1,2019-09-21 22:16:02,-4.3,2
669,232,0,11.2,0,4.7,0.2,1,2019-09-21 22:18:02,-4.5,2
670,232,0,11.1,0,4.7,0.2,1,2019-09-21 22:20:02,-5.0,2
671,233,0,11.2,0,4.6,0.2,1,2019-09-21 22:22:02,-5.3,2
672,231,1,11.1,0,4.4,0.2,1,2019-09-21 22:24:02,-5.6,2
673,236,0,11.3,0,3.8,0.2,1,2019-09-21 22:26:02,-5.6,2
674,236,0,11.2,0,4.2,0.2,1,2019-09-21 22:28:02,-5.5,2
675,236,0,11.2,0,4.5,0.2,1,2019-09-21 22:30:02,-5.7,2
676,233,0,0.0,0,4.7,0.0,1,2019-09-21 22:32:02,-5.7,2
677,232,0,0.0,0,4.7,0.0,1,2019-09-21 22:34:02,-5.5,2
678,233,0,0.0,0,4.7,0.0,1,2019-09-21 22:36:02,-5.6,2
679,233,0,0.0,0,4.7,0.0,1,2019-09-21 22:38:02,-5.4,2
680,232,1,0.0,0,3.9,0.0,1,2019-09-21 22:40:02,-5.5,2
681,234,0,0.0,0,4.1,0.0,1,2019-09-21 22:42:02,-5.2,2
682,233,0,0.0,0,4.5,0.0,1,2019-09-21 22:44:02,-5.3,2
683,234,0,0.0,0,4.6,0.0,1,2019-09-21 22:46:02,-5.4,2
684,234,0,0.0,0,4.8,0.0,1,2019-09-21 22:48:02,-5.2,2
685,235,0,0.0,0,4.8,0.0,1,2019-09-21 22:50:02,-5.2,2
686,234,0,0.0,0,4.7,0.0,1,2019-09-21 22:52:02,-5.2,2
687,233,1,0.0,0,4.6,0.0,1,2019-09-21 22:54:02,-5.4,2
688,235,0,0.0,0,4.1,0.0,1,2019-09-21 22:56:02,-5.1,2
689,234,0,0.0,0,4.4,0.0,1,2019-09-21 22:58:02,-5.2,2
690,234,0,0.0,0,4.7,0.0,1,2019-09-21 23:00:02,-5.4,2
691,235,0,0.0,0,4.7,0.0,1,2019-09-21 23:02:02,-5.2,2
692,234,0,0.0,0,4.8,0.0,1,2019-09-21 23:04:02,-5.3,2
693,235,0,0.0,0,4.7,0.0,1,2019-09-21 23:06:02,-5.4,2
694,235,0,0.0,0,4.8,0.0,1,2019-09-21 23:08:02,-5.2,2
695,236,1,0.0,0,4.2,0.0,1,2019-09-21 23:10:02,-5.2,2
696,236,0,0.0,0,4.1,0.0,1,2019-09-21 23:12:02,-5.2,2
697,237,0,0.0,0,4.6,0.0,1,2019-09-21 23:14:02,-5.1,2
698,236,0,0.0,0,4.8,0.0,1,2019-09-21 23:16:02,-5.2,2
699,235,0,0.0,0,4.8,0.0,1,2019-09-21 23:18:02,-5.2,2
700,236,0,0.0,0,4.9,0.0,1,2019-09-21 23:20:02,-5.4,2
701,228,0,0.0,0,4.8,0.0,1,2019-09-21 23:22:02,-5.3,2
702,229,1,0.0,0,4.6,0.0,1,2019-09-21 23:24:02,-5.2,2
703,232,0,0.0,0,4.2,0.0,1,2019-09-21 23:26:02,-5.2,2
704,232,0,0.0,0,4.5,0.0,1,2019-09-21 23:28:02,-5.2,2
705,230,0,0.0,0,4.8,0.0,1,2019-09-21 23:30:02,-5.3,2
706,231,0,0.0,0,4.9,0.0,1,2019-09-21 23:32:02,-5.3,2
707,230,0,0.0,0,4.9,0.0,1,2019-09-21 23:34:02,-5.2,2
708,230,0,0.0,0,5.0,0.0,1,2019-09-21 23:36:02,-5.3,2
709,230,0,0.0,0,5.0,0.0,1,2019-09-21 23:38:02,-5.2,2
710,232,1,0.0,0,4.3,0.0,1,2019-09-21 23:40:02,-5.4,2
711,232,0,0.0,0,4.5,0.0,1,2019-09-21 23:42:02,-5.2,2
712,231,0,0.0,0,4.8,0.0,1,2019-09-21 23:44:02,-5.2,2
713,232,0,0.0,0,5.0,0.0,1,2019-09-21 23:46:02,-5.2,2
714,233,0,0.0,0,5.0,0.0,1,2019-09-21 23:48:02,-5.2,2
715,232,0,0.0,0,5.1,0.0,1,2019-09-21 23:50:02,-5.2,2
716,233,0,0.0,0,5.0,0.0,1,2019-09-21 23:52:02,-5.3,2
717,233,1,0.0,0,4.9,0.0,1,2019-09-21 23:54:02,-5.2,2
718,232,0,0.0,0,4.5,0.0,1,2019-09-21 23:56:02,-5.2,2
719,233,0,0.0,0,4.7,0.0,1,2019-09-21 23:58:02,-5.4,2
